0 0.887207 0.389974 0.084961 0.121094
0 0.966797 0.389323 0.066406 0.125000
0 0.652832 0.412760 0.084961 0.127604
0 0.660156 0.382161 0.083984 0.113281
0 0.685059 0.464193 0.083008 0.058594
0 0.304199 0.391276 0.096680 0.134115
0 0.199219 0.051432 0.089844 0.100260
0 0.730469 0.030599 0.089844 0.058594
0 0.891602 0.050781 0.087891 0.098958
0 0.963867 0.052734 0.068359 0.102865
0 0.901367 0.027995 0.089844 0.053385
0 0.370605 0.582031 0.079102 0.135417
0 0.603516 0.581380 0.087891 0.136719
0 0.712402 0.584635 0.088867 0.130208
0 0.155762 0.722656 0.088867 0.127604
0 0.712891 0.729818 0.064453 0.136719
