0 0.567383 0.485677 0.091797 0.122396
0 0.558105 0.548828 0.086914 0.050781
0 0.610840 0.561198 0.067383 0.057292
0 0.541504 0.567057 0.084961 0.055990
0 0.375977 0.496745 0.085938 0.131510
0 0.430664 0.094401 0.085938 0.128906
0 0.730469 0.137370 0.062500 0.123698
0 0.788086 0.139323 0.085938 0.127604
0 0.865723 0.104167 0.084961 0.130208
0 0.904785 0.137370 0.086914 0.123698
0 0.580566 0.802083 0.084961 0.135417
0 0.443359 0.793620 0.087891 0.102865
0 0.386230 0.785807 0.049805 0.108073
0 0.375488 0.859375 0.083008 0.052083
