0 0.403320 0.496094 0.087891 0.130208
0 0.489258 0.485026 0.083984 0.126302
0 0.531738 0.562500 0.081055 0.057292
0 0.567871 0.511719 0.075195 0.125000
0 0.589844 0.097656 0.087891 0.127604
0 0.654785 0.101562 0.065430 0.127604
0 0.860352 0.094401 0.066406 0.128906
0 0.909180 0.106120 0.082031 0.131510
0 0.973633 0.099609 0.052734 0.131510
0 0.432617 0.791667 0.085938 0.104167
0 0.461426 0.856120 0.084961 0.061198
0 0.546387 0.819661 0.077148 0.128906
0 0.507324 0.789714 0.069336 0.100260
0 0.389648 0.779297 0.056641 0.134115
